11
12
23
24
31
32
35
36
43
44
45
54
55
59
60
62
64
68
71
72
73
74
76
77
78
81
82
85
86
90
92
95
98
100
102
103
105
106
107
108
110
111
121
122
123
132
133
135
139
140
141
143
144
145
149
153
154
155
158
159
160
161
165
166
169
170
172
173
174
175
201
203
204
205
209
215
216
217
219
222
223
224
225
228
242
243
244
268
269
271
284
285
308
310
325
331
338
345
351
365
367
369
370
372
376
382
383
393
394
408
409
416
420
421
432
434
441
445
451
470
479
482
485
501
509
510
511
516
521
527
534
535
541
543
550
551
552
553
558
559
560
564
580
582
583
584
585
599
600
601
605
610
614
615
619
621
627
638
646
652
687
689
690
696
700
706
707
708
711
718
720
730
749
765
766
767
768
769
770
773
778
779
786
790
792
805
821
829
833
834
836
837
844
852
854
863
873
883
885
901
902
903
910
917
940
943
944
963
965
967
968
969
972
974
980
985
986
994
996
1004
1023
1034
1050
1056
1057
1058
1059
1074
1081
1083
1097
1098
1153
1154
1155
1156
1164
1167
1184
1189
1196
1197
1198
1220
1232
1237
1240
1241
1245
1251
1252
1257
1259
1260
1261
1264
1265
1267
1290
1291
1292
1298
1300
1305
1321
1322
1325
1327
1328
1329
1338
1355
1368
1376
1389
1399
1400
1401
1404
1405
1410
1411
1424
1428
1438
1443
1444
1450
1463
1476
1477
1480
1497
1504
1514
1517
1519
1521
1542
1559
1563
1567
1571
1572
1579
1580
1583
1584
1586
1591
1595
1598
1600
1605
1616
1618
1622
1635
1636
1639
1640
1642
1643
1646
1651
1652
1653
1656
1657
1658
1661
1666
1672
1673
1676
1677
1680
1681
1682
1683
1687
1695
1696
1709
1710
1712
1714
1717
1718
1725
1726
1729
1732
1735
1738
1743
1744
1750
1752
1770
1805
1810
1837
1840
1842
1845
1859
1869
1870
1872
1874
1883
1898
1900
1906
1912
1930
1938
1941
1944
1947
1950
1951
1953
1954
1965
1971
1998
1999
2002
2003
2005
2009
2013
2014
2020
2021
2027
2040
2042
2044
2046
2048
2055
2081
2084
2097
2098
2141
2145
2149
2151
2158
2166
2175
2186
2194
2197
2226
2232
2233
2276
2295
2302
2343
2345
2346
2347
2348
2349
2350
2360
2369
2376
2377
2383
2397
2413
2429
2447
2451
2454
2456
2480
2500
2511
2527
2542
2545
2554
2567
2568
2600
2607
2609
2610
2638
2641
2667
2681
2688
2701
2707
2710
2713
2728
2729
2730
2736
2759
2769
2775
2776
2777
2785
2813
2814
2815
2817
2830
2833
2834
2851
2852
2853
2860
2870
2874
2885
2892
2944
2945
2946
2948
3013
3019
3020
3026
3031
3045
3047
3049
3055
3056
3058
3075
3076
3091
3154
3155
3158
3166
3176
3177
3261
3268
3269
3292
3294
3317
3328
3330
3335
3409
3420
3431
3470
3478
3484
3485
3486
3487
3488
3525
3526
3529
3533
3536
3543
3544
3618
3622
3629
3688
3707
3735
3742
3743
3748
3756
3760
3776
3782
3789
3790
3797
3802
3803
3804
3815
3825
3829
3830
4002
4015
4017
4023
4024
4047
4057
4058
4071
4081
4093
4200
4212
4217
4223
4232
4240
4264
4276
4341
4363
4366
4367
4368
4382
4383
4391
4397
4405
4517
4558
4599
4600
4605
4670
4698
4705
4706
4709
4745
4793
4937
4979
4980
5069
5070
5090
5116
5118
5140
5164
5182
5186
5199
5230
5231
5247
5267
5269
5308
5311
5314
5338
5347
5348
5604
5616
5642
5658
5670
5676
5698
5721
5722
5723
5779
5791
5805
5815
5827
5998
6048
6050
6053
6073
6087
6100
6119
6133
6308
6312
6317
6359
6378
6380
6437
6593
6627
6683
6688
6690
6695
6709
6722
6737
6753
6768
6877
6879
6880
6902
6927
6980
6984
6985
7028
7037
7097
7128
7132
7142
7144
7164
7166
7178
7308
7359
7371
7373
7381
7405
7423
7464
7469
7471
7477
7480
7522
7791
7792
7793
7794
7838
7896
7967
7979
7986
8094
8101
8104
8117
8121
8149
8164
8176
8178
8190
8395
8446
8486
8492
8581
8677
8683
8771
8778
8867
8913
8949
8954
8955
8991
8993
9051
9057
9150
9182
9191
9296
9366
9372
9378
9488
9543
9608
9629
9662
9663
9807
9830
9834
9846
9852
9902
9909
9984
10002
10030
10337
10339
10373
10376
10378
10458
10547
10554
10556
10578
10624
10657
10659
10662
10676
10679
10743
10827
10868
10935
10984
11012
11030
11128
11228
11229
11263
11310
11339
11417
11556
11610
11620
11639
11666
11696
11699
11700
11746
11752
11870
11984
12133
12187
12314
12349
12352
12592
12647
12658
12750
12901
12977
13000
13058
13084
13211
13279
13334
13355
13409
13412
13413
13414
13415
13416
13417
13418
13419
13437
13505
13508
13527
13650
13782
13944
13969
14044
14060
14107
14133
14220
14257
14273
14275
14323
14328
14363
14396
14407
14417
14797
14811
14814
14837
14838
14848
14851
14868
14872
14877
14888
14988
15077
15099
15137
15168
15210
15234
15238
15265
15284
15399
15408
15487
15575
15599
15766
15776
15859
15900
16134
16229
16328
16389
16532
16579
16677
16769
16799
16865
16921
16929
17089
17306
17350
17396
17460
17470
17617
17642
17731
17854
17866
17884
17944
18000
18105
18109
18137
18151
18247
18261
18342
18346
18458
18460
18505
18584
18632
18640
18641
18762
18800
18807
18811
18814
18817
18831
18846
18855
18859
18861
18883
18949
19029
19067
19076
19090
19102
19145
19194
19338
19353
19435
19445
19474
19478
19500
19526
19614
19651
19706
19805
19942
19978
20058
20121
20154
20203
20288
20387
20585
20606
20630
20649
20659
20707
20726
20727
20728
20781
20788
20869
20923
20988
21415
21617
21723
21774
21847
21873
21993
22073
22216
22217
22218
22239
22301
22423
22538
22540
22549
22559
22579
22732
22890
22893
22895
22897
22943
22966
22967
23000
23031
23161
23162
23164
23194
23197
23287
23428
23568
23669
23700
23727
23731
23788
23929
23942
23997
24020
24022
24103
24151
24201
24247
24353
24370
24749
24933
25016
25024
25063
25141
25171
25344
25438
25439
25525
25546
25547
25550
25564
25717
25961
26176
26191
26306
26541
26640
26654
26661
26698
26741
27013
27083
27365
27393
27432
27711
27739
27780
27794
27805
27991
28006
28054
28093
28164
28278
28554
28583
28629
28644
28698
28725
28767
28948
29019
29042
29090
29132
29170
29204
29206
29257
29314
29413
29418
29432
29445
29446
29452
29458
29471
29487
29503
29504
29509
29525
29542
29548
29579
29614
29643
29662
29876
29890
29891
29940
30019
30035
30059
30087
30188
30255
30334
30338
30339
30399
30411
30449
30486
30527
30637
30659
30712
30723
30828
30835
30939
30960
30971
31008
31193
31207
31270
31291
31318
31326
31469
31501
31510
31516
31547
31663
31681
31878
31924
31979
32004
32026
32032
32040
32041
32108
32154
32223
32233
32256
32338
32346
32416
32436
32488
32491
32522
32530
32540
32580
32584
32596
32706
32759
32775
32819
32832
32837
32907
32954
33085
33099
33123
33207
33208
33301
33305
33346
33361
33444
33741
33797
33798
33854
33858
33872
33913
33928
33996
34000
34089
34392
34401
34414
34420
34657
34658
34659
34758
34795
34901
34939
34959
35117
35162
35260
35505
35517
35611
35617
35637
35658
35667
35997
36068
36238
36258
36541
36612
36710
36865
37027
37039
37046
37079
37106
37172
37198
37308
37332
37339
37361
37497
37653
37961
38025
38535
38703
38891
38976
39048
39122
39162
39270
39309
39585
39834
39858
40203
40365
40545
40580
40736
40954
40964
40968
41064
41119
41286
41386
41414
41562
41622
41624
41627
41651
41791
41981
42013
42044
42148
42182
42183
42188
42196
42209
42227
42236
42254
42259
42324
42401
42500
42664
42665
42671
42914
42989
43092
43094
43098
43304
44108
44117
44630
44818
44998
45264
45265
45304
45305
45502
45512
45631
46109
46125
46156
46333
46534
46558
46597
46616
46650
46674
46708
46827
47061
47591
47592
47593
47654
47769
47860
47980
48020
48197
48198
48199
48452
48511
48630
48773
48788
48795
48912
48927
49129
49294
49525
49594
49595
49598
49608
49609
49610
49615
49935
50115
50133
50361
50457
50561
50753
50819
50844
50905
50906
51018
51037
51054
51082
51101
51152
51171
51184
51310
51353
51380
51436
51461
51493
51530
51545
51549
51589
51596
51603
51650
51651
51668
51708
51726
51768
51774
51783
51799
51804
51809
51833
51845
51997
52228
52319
52501
52670
52776
52995
53032
53042
53430
53489
53667
53685
53686
53687
53688
53799
53861
54048
54424
54580
54635
54672
54682
54783
54869
55147
55212
55308
55389
55426
55922
55945
56008
56158
56221
56426
56447
56528
56644
56664
56665
56797
56925
56960
57036
57297
57342
57395
57489
57532
57631
57799
57804
57913
58406
58409
58559
58585
58611
58666
58673
58820
58870
58874
59072
59112
59142
59178
59254
59282
59314
59373
59497
59498
59514
59603
59645
59653
59845
59854
59893
59981
60067
60093
60256
60315
60332
60339
60483
60595
60664
60685
60741
60761
60776
60940
60951
60955
61007
61077
61128
61168
61213
61221
61236
61243
61262
61284
61333
61380
61389
61507
61618
61620
61686
61741
61837
61963
61978
62034
62094
62137
62168
62357
62476
62509
62519
62569
62713
62967
63041
63046
63097
63123
63130
63304
63430
63459
63532
63633
63638
63648
63741
63796
63827
63838
63874
63944
63950
63963
63989
63993
64022
64044
64048
64049
64063
64072
64075
64181
64235
64264
64420
64567
64629
64631
64673
64682
64789
64808
64820
64882
64901
64908
64940
65012
65077
65086
65140
65172
65221
65238
65465
65553
65559
65688
65838
65848
65861
65938
65952
66039
66040
66156
66374
66375
66677
66678
66679
66829
66864
67090
67341
67343
67369
67764
67929
67979
67988
68061
68170
68203
68229
68236
68253
68283
68374
68377
68411
68486
68529
68569
68577
68658
68674
68726
68811
68836
69248
69249
69308
69338
69703
69788
69875
69877
69988
70041
70083
70195
70213
70222
70236
70379
70387
70388
70403
70478
70486
70492
70540
70570
70622
70634
70652
70653
70788
70830
70879
70882
70964
70996
71000
71052
71065
71066
71073
71085
71109
71139
71168
71180
71197
71223
71268
71351
71696
71853
71913
72140
72235
72421
72431
72462
72517
72577
72585
72707
72719
72771
72813
72816
72840
72854
72883
72890
72926
72938
72958
72961
72962
72986
73011
73042
73059
73102
73126
73131
73132
73142
73144
73177
73181
73182
73198
73230
73233
73326
73425
73547
73575
73604
73711
73716
73755
73793
73886
74018
74074
74098
74120
74147
74222
74288
74319
74385
74612
75012
75172
75210
75384
75407
75476
75488
75493
75500
75530
75547
75666
75756
75840
75846
75967
76212
76257
76323
76328
76329
76330
76339
76352
76357
76513
76547
76816
76857
76871
76965
77078
77253
77254
77595
77601
77660
77661
77664
77676
77940
78020
78072
78105
78342
78363
78693
78751
78935
79055
79127
79339
