90
92
95
98
994
996
1004
1023
1034
1050
1056
1057
1058
1059
1074
1081
1083
1097
1098
1153
1154
1155
1156
1164
1167
1184
1189
1196
1197
1198
1220
1232
1237
1240
1241
1245
1251
1252
1257
1259
1260
1261
1264
1265
1267
1290
1291
1292
1298
1300
1305
1321
1322
1325
1327
1328
1329
1338
1355
1368
1376
1389
1399
1400
1401
1404
1405
1410
1411
1424
1428
1438
1443
1444
1450
1463
1476
1477
1480
1497
1504
1514
1517
1519
1521
1542
1559
1563
1567
1571
1572
1579
1580
1583
1584
1586
1591
1595
1598
1600
1605
1616
1618
1622
1635
1636
1639
1640
1642
1643
1646
1651
1652
1653
1656
1657
1658
1661
1666
1672
1673
1676
1677
1680
1681
1682
1683
1687
1695
1696
1709
1710
1712
1714
1717
1718
1725
1726
1729
1732
1735
1738
1743
1744
1750
1752
1770
1805
1810
1837
1840
1842
1845
1859
1869
1870
1872
1874
1883
1898
1900
1906
1912
1930
1938
1941
1944
1947
1950
1951
1953
1954
1965
1971
1998
1999
2002
2003
2005
2009
2013
2014
2020
2021
2027
2040
2042
2044
2046
2048
2055
2081
2084
2097
2098
2141
2145
2149
2151
2158
2166
2175
2186
2194
2197
2226
2232
2233
2276
2295
2302
2343
2345
2346
2347
2348
2349
2350
2360
2369
2376
2377
2383
2397
2413
2429
2447
2451
2454
2456
2480
2500
2511
2527
2542
2545
2554
2567
2568
2600
2607
2609
2610
2638
2641
2667
2681
2688
2701
2707
2710
2713
2728
2729
2730
2736
2759
2769
2775
2776
2777
2785
2813
2814
2815
2817
2830
2833
2834
2851
2852
2853
2860
2870
2874
2885
2892
2944
2945
2946
2948
3013
3019
3020
3026
3031
3045
3047
3049
3055
3056
3058
3075
3076
3091
3154
3155
3158
3166
3176
3177
3261
3268
3269
3292
3294
3317
3328
3330
3335
3409
3420
3431
3470
3478
3484
3485
3486
3487
3488
3525
3526
3529
3533
3536
3543
3544
3618
3622
3629
3688
3707
3735
3742
3743
3748
3756
3760
3776
3782
3789
3790
3797
3802
3803
3804
3815
3825
3829
3830
4002
4015
4017
4023
4024
4047
4057
4058
4071
4081
4093
4200
4212
4217
4223
4232
4240
4264
4276
4341
4363
4366
4367
4368
4382
4383
4391
4397
4405
4517
4558
4599
4600
4605
4670
4698
4705
4706
4709
4745
4793
4937
4979
4980
5069
5070
5090
5116
5118
5140
5164
5182
5186
5199
5230
5231
5247
5267
5269
5308
5311
5314
5338
5347
5348
5604
5616
5642
5658
5670
5676
5698
5721
5722
5723
5779
5791
5805
5815
5827
5998
6048
6050
6053
6073
6087
6100
6119
6133
6308
6312
6317
6359
6378
6380
6437
6593
6627
6683
6688
6690
6695
6709
6722
6737
6753
6768
6877
6879
6880
6902
6927
6980
6984
6985
7028
7037
7097
7128
7132
7142
7144
7164
7166
7178
7308
7359
7371
7373
7381
7405
7423
7464
7469
7471
7477
7480
7522
7791
7792
7793
7794
7838
7896
7967
7979
7986
8094
8101
8104
8117
8121
8149
8164
8176
8178
8190
8395
8446
8486
8492
8581
8677
8683
8771
8778
8867
8913
8949
8954
8955
8991
8993
9051
9057
9150
9182
9191
9296
9366
9372
9378
9488
9543
9608
9629
9662
9663
9807
9830
9834
9846
9852
9902
9909
9984
